965589082082267166
1076439897465950218
1080466992722612307
1079500430452740137
1066907358476914688
1098212623570440253
790053404562948097
974213604024909844
1064513325263757432
1074828522109014026
1051851809968357426
1051972198488879204
803632846261714955
825617171589759006
720351927581278219
1032724229172510740
557628352828014614
508391840525975553
874588365595504641
624938406480314388
939523469912178768
1077535092240551977
1041872963210858506
806667738310901771
435283175397392385
718258950394478592
656480824241291267
652595411047153665
911229919294537768
1068681559391076434
1085488976909041664
1068708456678297621
1068688146914611200
1068682302915350620
1056770969601048606
1056693176359985314
1095978336280399885
1069424285514465291
791516888299339776
984587115360829492
465724150808444929
1068944979508076666
1090289721458036816
1068700926749184061
976109937539293225
1080970239258415134
743525712790683799
841281524112425001
755285326859075584
976078599889236011
969671317769052194
959575266533982218
926172511832535150
810884512719700018
958258249252098098
1080967334820323348
955665948633858120
958295696203714601
1055950198096023622
887444441357512778
965868080490233856
490911557547589632
1011789391561236620
1089291769751027783
1030384168204509226
1103608020405059624
1080578635213324318
955697911872774194
1103627653635903550
1086381033844387880
976096446556274728
1097608294215991327
1092830446368333894
690928820626391070
986939905215193098
1094590199226433666
974214784398524446
960096805733937192
965884568337006654
942544617746858035
320768858636025867
780059664469196800
418730307672473610
1050033655021588580
1092979687661256764
369459822166409217
973624546223599656
916029031990820945
1056481102509916192
819646116622237696
738235842706931786
852940234357342279
745032107981799514
960095833351663636
976148971376480406
568755998953701376
1009462471892938862
813710406333890650
927011325366915124
1068701122933563424
601310995310444545
511903776127451136
1074835696080130209
743102476022054992
1077162846460313620
1074967847899496471
1067035805475946526
1064508972545093632
