622784522827595788
922487117081366588
941027456914182164
825093980453732402
134015092495745024
202498828904038401
875527194942799903
509748735409127457
862722226133139497
235148962103951360
159985870458322944
458276816071950337
557628352828014614
508391840525975553
1048372981862236160
364105770188406784
624559250328518656
397481057735278604
718806546481676319
818863222672195664
757245665527988275
965252530160402503
1048987065976631306
803762886727434300
579273160726413325
376758503722844160
438346015855345664
386206820693311494
1094998392704335915
871549782571745340
828621911634083840
1009012760614555669
754371030809706587
1063886194041180371
787033703024295956
637309418538795008
1082963898606555187
427041197429882882
357212980271644682
953237379890675772
346063113788981253
500934734361395240
846078274379841536
1094999063130288219
460734222206763019
323521929174581252
438370214866845697
1094110371830300716
1094110547718451230
1094999262791741510
795368462616231956
450653158381977610
661101256089010176
957673907664597043
475338185434464268
911204508569321474
679345452478496809
955930857129017425
502505001155952652
817049152860192789
1056609088898863195
584032577258520578
977704866807971851
925822457464631347
394974150403555339
1077015515085672498
404358743015424000
1094110331971833856
784169064728887296
1072985201770254338
376314296537448448
758125256812265493
363721397064957952
1094998908972830830
352308957114531841
209695947377213440
518719573680193557
1094999047456166009
969920888621400064
1048683860881326172
