1046141166543970425
155149108183695360
416358583220043796
302492117324791809
728543580930703460
855510837362819082
1096143117234745434
740358467021439137
781605045556477972
1054723207686524969
696437894147211414
691000221190062140
697613851243446373
853355678722687017
859851520367263746
947579582696017970
710052977108582412
639847661582942238
1093833001126858853
909043338710224987
725942810817331313
804458376331395113
869942447420100698
1026849050286366782
990604838121390140
728320642566586429
802211984426401852
986530021348896798
758024840832614514
1078784241099345960
1082727785820323961
1097483436178014290
986313121692024902
467120455602536448
864369483723309086
853231339196514304
1081629865461153893
1103608020405059624
928168625033056256
1093594552960557086
718079824127852564
1025966042792611851
827247285631975444
1057674302985621584
1076751669297152020
863922248036122625
1062369183326814288
721351335852769331
986691753870504008
726695044257677364
1081188531696844840
1049454379801006080
517445058308603904
939996319752290324
914284036472602645
901874064442937445
209478761236660224
832220416625213440
1082167716707831839
791931462416334848
736710275306356827
