1031603821148901488
1085295057424371825
1031603817457926235
1010928688990277693
1093911528538918953
1031603843168997376
1102385685027094569
1031603853231136778
1106185040032976938
1031603795240689734
1104075804863905852
1031603786969522237
1106185035217895485
1031603876463382599
1031603845396168795
1014404490901860362
1031603845157101628
1100155555919700119
1093911596323057714
1031603854590087280
1090653735052656670
1100156688138514433
1101120418347225169
1101116212018159707
1106185178650509362
1031603867772792903
1014404458513436704
1068241101984632892
870385560819216404
1014404421456777328
1106184859078098954
980975680177176676
1031603861183533146
1031603821660622939
1014404432047378542
1106184888174002217
551517674404839444
1043624970716197014
1031603825158660098
1031603808696021054
1101115135243853884
1014404428394143824
1102935427381473331
1100156749253726278
1031603870981431326
1031603866610978847
1014404423209992214
1100156617535783032
1026486840083107941
1031603794229858345
1031603878384369725
1031603859568722022
1031603784956264469
1031603880217292944
1031603846981636136
1031603863758831656
1031603779998580837
1031603864564150383
1031603873959387136
1014404434748514314
839851179634458654
1014404426389278720
1031603849074589726
1031603761661104279
1031603799669874749
1031603806082961470
1106184895191068816
1014404421557432332
1031603802631065680
1014404427626598411
1031603816811986944
1014404417199538247
1031603867961532456
1031603866443186196
1100359519005053010
1102385503799615568
1031603792526970910
1102385202493403176
1014404419422539914
1014404436245884978
1031603847287808102
1069847959262466068
1031603801255317586
442265592427315201
983853671760683068
1031603858583064639
1106184874798370849
1106184927873077269
1031603873200226324
1014404421871996948
148851841092812800
1051024843849617408
1031603875611934732
770026109294739476
927116476555612211
1092820503980412989
1054088590000394380
1019577965710942241
1031603832716795975
557628352828014614
990608004074315776
956979311699689483
1101981247296765952
132151357888135168
1091410039090184352
435283175397392385
1096453003394961640
921135651951349790
232174153778724875
996205843223679157
553327784504721408
1031434456558469154
314095628798001153
861438408953036811
196621648231661568
963904741841186937
1102277764352069722
845546268495183894
1103608020405059624
1014404433200816209
917233655296958515
1087067444847317002
603932638549508097
918565617701883955
946116862188585051
1057243514137751634
1009093145696407572
982551216196317214
852781838015660052
511531884203999253
940347576031514635
1082256438426083329
1093883615366090762
748919398798196838
411272879632547850
211223255741235200
1084282562727387227
819646116622237696
796946355083673620
1105326923632082984
1069531198730293308
1106626205379215451
1104075803932762263
1093911612273991841
1031603752689483886
1031603792669573150
1102385385574776852
1034008750434037810
1100155787139104768
1093911599540080710
1093911591176642630
1031603830971973723
938130247625359381
1031603863230357585
1007748954663944242
780543179577229323
1093911526936674444
1106184897321783328
1031603792686362728
1014404440649891931
1100155499489546290
1014404424220803133
1061057420949983322
1089461508263661588
1093911591948406865
1106185041094123572
1031603875595165706
1031603790916358145
1031603875297361981
1031603805495754753
1107257694844354620
1106185136220930149
1031603877390319699
1100156623567204423
1031603810763812905
1102385508253966338
1031603811392950272
1031603834977529917
1031603788898914314
1093911637397872671
1090090782511337534
1031603869681193032
1093911632830279831
1093911526915719340
1031603860395016276
1014404419607068693
1106185054637523115
1091578912217239625
798527554368831528
1031603876006199366
1031603858889244682
1031603855412166847
1079695951532408863
1031603790454997002
1031603849217200148
1031603830279917678
1031603856125210654
1031603846272786454
1031603865629511750
1031603764781658143
1093911526856982618
488339546321321994
1103401508533448734
1031603860860575804
1062652058420908082
844255192899125270
1031603850190270535
1106184905106411590
1022523383067451452
1031603820159041636
1031603856578199632
1102913559618396230
1102385799942635540
1102385584774840391
1031603769210843216
1031603881760804905
1031603863008067634
1031603823086686228
1031603854774644808
1031603875314139216
1014404459239063593
1031603847547867206
1106185158878580867
1031603879038689352
1097897817651040367
1102913419918712833
1031603817671839764
1106192475170820177
1031603849946992744
1031603871543468096
1014404420542418966
1031603847241678939
1106184899532165190
1031603814668705802
1031603853054972025
1014404423260311552
1031603857911988254
1100156632354271342
1089329990337826936
1031603807936860170
1025259309472415835
912303622514159636
1031603836252602440
630461427433340939
1031603802492641381
1106185036258103357
1031603866040541224
1102935546059296859
844907444924973067
1106183577483358218
1057738554085744640
736638829389414445
1031603828874809375
1101116055222493257
1031603872118087760
1031603876379500575
1031603814429630485
1031603864287318117
1031603856007770174
1014404471134113803
1105623662146629733
1102385908642230303
1031603869953835008
1014404542147866624
1031603862542495805
1014404487915511848
1106184833878724648
1020626992414064681
1078054760785121331
1031603812588322877
1106184942045642833
1031603782720700476
1000218077486665888
1014404471951986761
784109433869041705
1014404459117428787
1010927597850464327
1106184842351231086
1093911632930951259
1031603873548345354
1031603804304593049
1031603844607656016
1031603788072624190
1100156707264548956
1106185079178395659
1031603826853171211
1031603830321844265
1014404489215754250
1031603819999674428
1031603876631150704
1077283374646972416
1031603820075159612
1014404423209975919
1093911526894735440
1014404423486799923
1031603834893631509
1103324954604339292
1031603826643451965
1010927206056349757
1031603797908271194
1031603794632523786
1031603838412656721
1031603800466784318
1031603844829954098
1031603788684996661
1031603783777648650
1101120730982252635
1102385896537477241
1010929031903981598
614506846052679725
1093911526978625607
1093911526882160762
1031603789586776145
1106185176758890547
1106185032567115816
1031603845266153564
407126219797299200
970173548670881834
1031603867135262761
1031603870566195283
1031603776269844581
1106192346284032100
1031603830347014206
1058718882044584006
1031603779012927522
1106184902971502633
1100155847969079296
1101120331927793744
1093911596201410681
1100517174130515989
1031603864593502329
766521915955085323
1031603871606386739
985908110902325289
1100156593930252409
1031603861179338833
1031603881920184400
1031603873686769674
1106184977818861642
1031603803897733280
1106184906377265182
1031603841197682728
1031603824101703811
1031603879432962188
1031603868213182484
1031603871153389730
1102385400653303849
1031603810667352084
1106185040943136849
1104075736303812690
1031603870603948032
1093911526907314330
1031603769076625458
1031603842925740163
1031603858503389305
1031603795689476106
1100156663744442431
1031603798713569330
1102385301609009233
1031603825632616518
1101120619292139531
1101114577846018058
1100155648718671923
1031603810633789521
1031603835648614401
1031603877692330025
1031603855223439440
1031603867638566913
1031603853059162134
1106184959225503744
780734657582202880
1100156675467522109
1031603866652917821
853415829608726538
763778149103566848
1031603871014989825
881555550368825384
1101120485191864342
1031603873586085938
1031603863163240530
1031603871728013413
1063608342716629093
1093662389200756736
1101116257526366219
1014404507389673533
1031603845610082324
809124826937032745
1031603819244703784
1010927706566823998
1010929026837250220
1100155533547286648
1100156745562738770
1031603858096525384
1031603788613681192
1031603807282528407
1106184949545062471
1031603819513131160
1031603779486892113
1031603788676595773
1031603855550599252
1014404453241212979
1106185037604470864
1014404518844309554
1031603848072142878
1031603864224419922
846212144139730984
1031603820662366258
1031603835828969482
1093911606603300967
1102385180846600292
1104298730183733298
1084495897431380019
1031603860810244188
1031603871740596274
1101117330102157464
1031603795085504563
1104075811574779914
1104075769124241529
1031603880502497352
1031603824575664141
1031603842216906793
1031603824516935893
1031603860827017318
1031603822675644529
1031603731847991326
1106183676053704815
1023936686025080943
1031603850509045820
1106183550300073984
924775046751330305
1031603857404465263
1100155949727096843
819471476909539329
1031603779092615268
1031603826412761108
1008638274585251890
1102935475263655938
1040316071263076454
1088699545661231175
1102913642799845466
1031603798851981443
1031603856498507849
1058739230798528584
1031603829365555340
1031603819466997830
1031603806338809927
1090782267875524648
1014404497541435434
1106192785473818778
1031603868385161287
1102385684439908432
1031603790274629642
1105623652520701992
1031603811606863912
1031603785568620627
1093216146842472468
1010927227015266335
1031603862714454066
1031603877860102174
1031603814085701744
1031603837439594557
1106184907639750698
1031603869496647741
1100156578365190165
1014404421679063081
1031603833794736208
1031603819307618355
1031603810994491442
1100155882504986656
1101116327873216626
1101120270258946140
954316823204073533
1031603867156230254
1014404511512662028
1031603798902317058
1031603840488845323
1100156555204239441
1014404508836692040
1031603873867112478
1031603866816495787
1031603789515477133
1014404444009533490
1031603798390616134
1031603832821649408
1031603857924558919
1106185118860726342
1093911612487913513
984588941292363906
1031603755373838457
1100155610193997857
1106184972261396510
1031603834826526720
1031603815939588227
1075335059961290792
1031603840975392798
1031603878174654544
1031603811019665468
1031603867219144778
1031603812294729808
1031603788496244798
1031603854330036297
1093911612408201246
1093911526987026542
1093915469267881995
1093915505938673694
1093922375554310205
1093922375608840263
1093922376980377751
1093922377815035914
1093922377823436830
1093922379647955075
1093922395972186112
1093922397431808015
1093922403383529472
1093922410455118025
1093922422018813993
1093922423616835764
1093922425076469790
1093922428348026972
1093922451324420288
1093922455841689720
1031603769332486184
1031603788462694491
1031603865042305125
1105623621063430226
1102385103704956959
1014404489983299655
1031603840778248243
1031603795794350081
1031603879072251964
1031603825846525972
1031603845350039593
1031603878229196840
1031603880729006110
1014404439353872426
1014404474745393242
1031603837393453126
1104075740628144258
1031603867638575215
1100155740783644763
1031603805005041675
1106184860495777812
1031603851394044026
1031603860839612436
1031603838731436194
1031603804258443364
1014404430323535943
1010925547427217510
805288616271020043
1031603791763607592
1031603795928547448
697781537156104232
1031603802333253653
1102385199850979369
469697928450146314
1100156556085043200
1031603783869935666
1106183650967556189
1025821454266269836
1031603790371106876
1031603794166956042
1040661910749708288
1031603879223251056
1014404420273975358
1031603871547654154
1031603826685390919
1101340128611401738
1106185106764333106
1031603871841271898
1031603821371215914
1031603876199153684
1061307863919775834
1031603866938130534
1031603843743612989
1031603840451100762
1014404465941553152
1100155910078341150
1100156784532008970
1031603824835711077
1031603851532439676
1031603808977047662
1106184906620542996
1031603797933432863
1100155575775547502
1031603819374710885
1031603879957254265
1031603850383216650
1104215612823179304
1106184896365461514
1014404465270468620
1031603809811697816
1014404470815334400
915624756055801896
1031603811472646164
1090248133348433970
1102935620382380153
1106184980960378940
1101116060360511529
1031603787334418524
1101115089068765214
1031603844486017175
1031603823011188816
1031603886269669377
1093911591919026256
1100156556395421807
1031603847447183442
1104075787562405931
1093911526953472050
1031603861468745869
1031603849393352754
1031603869194661949
1031603802819793007
1101429553680883712
1100155680591183912
1031603803742548048
1031603793776873563
1031603823875194931
1031603825733283920
1014404480328024074
1107257922037227611
1104075787717578833
1101120548584570971
897169583746727937
1031603845261971616
1067028555944443914
1100155473887494235
1031603803969044530
1100156799807672431
1104075818432471121
1031603790991859724
1031603790522089533
1031603846453137468
1031603805705474118
1101117410938986547
1031603782045401098
1031603862437638245
1106184907052568617
988851019377160203
1093911589989646366
1100156720879251567
1031603779851784264
1031603865130389646
1106184899523784845
1031603862475382847
970471040193036288
1104075788137025556
1104075812120043650
1031603819009822880
1031603825687146516
1031603867625988269
1093911595391930369
1031603837489926175
794136469320892436
1031603854665580595
1100156598434930738
1031603879105798284
1031603852635537408
1031603865524654171
1100155712497266740
1031603884524834907
1101114575673364551
1014404435813867620
1031603850513240095
1031603851079458946
1031603810960953416
1014404420907311124
1031603857870045225
1104075780318822600
