1081663244063744000
1083812570856685638
1081665423742861333
1102165691710324806
1102168346465685526
1091021193093595287
987467537128247337
1102163925350481920
1102170827790761994
1101451733303033860
1084535256415207614
1102171306792845362
1096862872765747231
1105509983539429466
1026484577579061258
1092220567865798787
1102173658220331038
1079422498900279377
1102164471922839653
1102263997966860330
1105505971452784810
1105507785157906492
1069329460408619069
1095461544139169983
1091020230056222720
1102264033115119736
1102263803795734659
1102263995177648220
1093636239732773004
943196423774666762
943550180106580019
943551533390385203
944222682336096276
944223657700519970
944239232057229352
944240597475151972
944260693262229594
947818799313330249
1082710884100608020
1050076322048778322
1011902704945209404
988353637807964161
1089588992598605944
1095461698200154152
1095461662779244695
1102263961304444960
1097397657414160494
422832427547754520
1081663389606088735
792535648879509516
1083812194833150063
1091020306539364363
893045408111149076
1019129254656606240
1101859668134989824
1095461714738294794
1102263949736546414
1095461502384869527
1049346311339659325
1089317271643635834
1037124452875509840
496663136397426718
1094422820970303548
1090297213038645360
1083812532550115458
1090090782511337534
987138869352874024
1095461611172528189
1095461213313437717
1095461627635183889
1091020911123116174
1102263606793482322
1101998986455437363
573193112126750721
987413799441137664
1095461253964628058
1101999134271090769
1083812562832990268
1056542043477921812
998678022938955887
1082302845459640390
1091020727735562301
1083811857988599962
1095020090619068588
1101944854457622558
1101944855774638221
1101944860195426314
1101944863269867642
1101944866369454111
1101944866860175553
1101944867850035230
1101944878524547153
1101944880533610566
1101944883335409687
1101944886292398221
1101944889568149515
1101944932144525342
1101944945931206657
1094242313418575972
1081663631697133598
1105347351410901023
1101469678636892250
1105369661115207761
1105485722317750353
1103627653635903550
515067662028636170
155149108183695360
557628352828014614
508391840525975553
536991182035746816
645293007041724416
783379710809210921
1094200261867745312
573584847222603805
497917003294703620
749291742301388841
1105329416680263721
1015668683944763502
929739709385674832
1105344067816149144
1101456796532621322
1043311496488296499
1038938826556575845
838027214851145758
1101545875290980352
994646710800359465
1005180151878926436
649588427725209620
904070584500125707
983398217125355520
509353951213256704
694606066863964190
936650253589962803
928742822700531743
1090167826251255808
984781464631664692
1081310814436335646
1054676290084536391
1105390793746808884
1104196048173408267
1098381488078192701
1072046090771234826
817758281807822909
995257936983105648
669959722488823808
959648732725514260
1055161429453459547
701194372192010240
345618387948535808
615604491999510549
664835384211013662
370219886116601857
416180568187731981
1064202677837385810
1023700290928648202
1071108000317714452
1105485382495256686
751045825374846997
1094976324306747412
557918822091456522
1089973072196534312
783039687374798878
799698551160438825
1098466443454066778
490911557547589632
970343267071832125
1103986819105833013
958388488397541467
829049905149640784
973639392172318760
1103608020405059624
1092657239023681687
1092833335757263000
1037024351838556160
811851958251159562
970734512835264532
1099621548542927003
871112847483084913
252808569261391872
1093307784948367451
932337912803131433
415628235708301322
1073006617693524049
777485189642584094
995723277219676191
1057424671798202409
557931254960488451
793855330702458900
929743375022833664
894991217979428894
680497071203155995
1083812161203220521
1081664313695150180
1083812648082210928
1083811962649067600
1066339042934923375
1091020404505706577
987421537604862002
1009531622045003886
1102263912709242980
1091021048075534446
1095461319395790918
1095461563831423086
1083812062209249382
1102263633674776596
1091020656260419605
1083811919724556378
718469902221967502
987422790762238032
1095461687215280188
1098650196541448384
1038898927451250799
987138382448722032
1095461605661233182
987190408289321021
1095461550875230330
1081664500261986364
985417480455479296
1090290071011328050
1091728544062779452
1081665321796120596
986328228518060124
1095461270230147213
1095461280938209313
1104023903308890202
807150029696401428
1095461308314427392
943548903066861650
1095461545321959474
1091020740221993052
1091020837127204885
951142746943533098
1095461425582964766
1095461226395471952
1094413653521989783
1094424090506436618
905903932050645023
1090279445560037467
1031594472070447114
1095461666566717542
1095461520412000357
1102263649952858223
938123311706161202
1095461528473448459
1095461319580323860
843830352804184065
1106271158422212724
796750279030472704
1101999122875158612
1094411677182722080
1089622661312823347
987422065395122206
1095461309665001492
1078687584424820838
1090284240542896198
1095461485267931267
1095461552410345684
1095461572270362767
1011901866948448256
1090255333588484106
1090277903855530064
1090282474283732992
1090286812875997254
1090288279393423411
1090291738620469279
1090294509625151528
1095461670614204557
1061839309453406299
948979637491474532
949328767673827418
1104015256751177750
943191600232812594
1095461627635183758
1091020478086402109
986422110882791454
1095461719159099472
1089622204104323072
1102263590590894151
1102267413778661496
1102263696253788210
940027668794073189
1091021150093594665
660575950186217482
1056686876683141160
1095461587831238767
1081665238878912642
948982023962390579
948973292058996798
1083811716233703424
948980309624512512
1102263762704154654
1095461682282774548
948977600167051295
1090284484542341132
1095461560111087666
1096716693247643658
987138387934838804
1102263767976394847
1066369452024791051
1095461699982725234
988005761118511148
948945467104964688
1102263913858465903
986452149439442944
1090277721269080114
1102263718546509844
1089621347270918285
1095461690826563645
1090292254326931456
1096514227449102406
1097581385054699673
1077500114345672724
1077500138513244251
1077500279420899378
1077504332347490356
1089588627018887320
1089619423490490509
1089620512021434578
1089621176977981440
1089621263628107817
1089943116724834424
1090255183763750944
1090277985879335002
1090278323164287126
1090280495167844354
1090281120194637895
1090282410320597124
1090283405280825374
1090284049442021406
1090286337954947192
1090286650862600353
1090288268970569738
1090288711503204362
1090289654525329539
1090290330634555543
1090291420553805835
1090294061413441628
1090295210254282853
1090295643119026247
1090297820122194061
1091020567542509639
1091020868949393440
1091020931763277824
1091020960708173924
1091020996418486305
1091021156766732298
1091021335582490684
1091021665686802444
1030078613871149066
987414939738202192
1101475372245209129
1103687808322900029
1011904003593994322
868438585882325023
1095461422022000790
949313958408486932
948958561160020010
986448946866049064
1095461646408876214
1095461260344172554
1000218077486665888
579732681089220608
1090297876221010021
1088700157975068692
920745687145119845
1102263983538458736
1089589780746084482
1095461421405446275
958130340046716948
986605160929304586
1095461422529515580
1090286768072441906
987190717879316500
1082253145901633586
1013100030980272260
1101999126046056588
1091020643593633943
1091020960381009980
948984505144868894
1095461600166694962
1041455121260892232
1095461423028650106
1083811917681922079
1102263901233614868
1102263621519691856
1102263758287552592
1102263628465459353
1095461673273405440
1094628571768684554
1090283243795910716
1095461449092042952
1091020814117240883
1095461423078981713
1102263621192515674
1095461716818661386
1011367204161335420
989963545225597009
987656462123802634
987425163404521502
1102263678541234219
1070083618837385216
1089618468191608842
1095461292174741667
1089618158941380800
1007649589626687548
948978948140843099
948961792950939688
1091020593744322581
1097217637064388719
678180387502948352
948972534982922352
1102264002970669216
1102263930379837460
1101998785846055064
1091020298389819433
1081665235565412382
683731877609209876
948944129893740584
986297144296235088
1102263610954219561
969915777853558854
1105445033424978021
746037318997114892
987420620939755590
1095461430356086784
1102263612640333874
1102263861584855041
948946160272437280
625991783423410186
949338982687334431
1095461525579382944
1102263609511391242
986391478106460241
948951087535235083
1102263586144919643
1083812375955775490
949336035127595008
1095461643011506277
1091422990358564944
1091020241410199664
1094418443983388682
949344604946321428
1101999197630242896
1094359386404704307
1029457341625684069
1095461423347421226
1095461476954816572
1102263586002309230
1102263595020058684
1095461422558875739
1101872302393671771
1095461675710292048
657876639375556629
987826246027190352
1091020259923869787
994375347896340612
751106240381452308
1095461266484637916
948957114116735037
868067546379730974
873675204986011648
1090297109758095380
1095461213422493826
907986608886808596
1077756057541157015
1091020952596398140
1068606174326435861
1095461288014000250
1093201017941798952
1091408187174961272
1105948999493623920
1097166167463972975
1088479424074235974
1102263892031307906
1091020558126305280
1072724752290037791
1095461514380591175
1090293723977502822
1017817680675352638
1095461222092116059
988037248731709471
1102263656227557426
1095461507015376996
987931828189032468
1083812311803900105
1092959705896325245
1095461421879410769
1091020543307817070
1102263810766684180
991060388248428605
1094407575178579977
1102263608034996255
1102263615748313198
1102263628113117256
1102263638296891443
1102263642872877067
1102263647948001311
1102263649306939502
1102263649797681325
1102263650200342568
1102263651118874725
1102263658286948392
1102263660547674294
1102263661722087577
1102263673474531439
1102263676221788290
1102263678910341391
1102263680873267252
1102263683222093935
1102263688091672697
1102263688406253728
1102263691480662017
1102263701941264555
1102263701970620488
1102263702876598325
1102263703195365406
1102263713819529377
1102263716218683503
1102263716319330345
1102263717867040850
1102263732136054844
1102263732937183262
1102263735629906023
1102263735634116689
1102263740356907129
1102263740570796134
1102263744114991164
1102263750951702643
1102263776637616190
1102263791422558268
1102263792605331476
1102263795205812255
1102263795272921190
1102263800285114390
1102263812234678443
1102263816173146194
1102263827447431278
1102263828047204373
1102263856534933524
1102263865842089984
1102263873874186340
1102263875086323824
1102263876990537758
1102263884926173285
1102263893251850240
1102263896338862101
1102263909064392749
1102263909714509984
1102263919281709137
1102263921622143068
1102263925438947328
1102263932506357780
1102263944577552416
1102263946842480711
1102263947605835887
1102263959832240210
1102263985086140517
1102263998646337629
1102264002832248832
1102264004606435338
907015186244837426
1090284190819434588
1095461308595458058
945330660099375105
1091020801035206838
987421664700661840
984141562638393394
819167132418965527
1102263605078020108
852728879164162089
990544791152517140
1091020997840355438
1102263613261086770
985418177573961778
1095461291293945946
1084155250660888596
1095461229264375870
886041161167425606
1102263611688235139
693243553450819674
1095461422605009017
1102263787173728366
949327974858096780
948956461235601528
1102263757410938901
1102263615475683458
1095461422651166720
1089619988769411192
1102263658169503925
943542905828700172
804723997593960449
1091021486598406174
1091021317572141158
464412828086829056
1086297533384507504
1095461462488649798
1087840297221890119
958054608473829426
1101998921653428314
1102263603467403284
1102263627710468286
1095461273371684866
1102263906916913272
1102263922469380096
1103011024250093581
1094066703547248640
1091020348457222225
1094243697849278545
1095461514586095636
949341412648947742
1090283043543064586
1095461216517881956
948957740645101599
949342956479996036
1094240950253002854
1102263764457373747
1093072523043815477
1095461470319411220
1069312879456694272
1095461420998602913
793269060468080671
1096385364110880799
1105463958011396126
988106392781086760
1095461617141022783
948974531299639356
1102263826436608103
1095461451503771850
1095461423959789568
943542115030425640
1081660112554438666
1103011013281988698
1095461242396745768
1095461562627661935
986367068209303652
1083812398793760832
1102164244708995103
1024706553959432192
1102263772250390558
1091021195652104315
1102263943914864711
1011902680035233874
948959214410297394
1095461495799812106
1095461320851202068
948963799401136210
1090281536898732102
1090282798172090498
1090293189862228050
1091020185042952338
1091020224175820800
1091020248494379066
1091020260385226804
1091020312948265011
1091020325547954197
1091020489142566973
1091020509480767498
1091020543047766148
1091020543974719489
1091020544998133860
1091020579945074699
1091020612081823784
1091020617224032316
1091020635112747139
1091020653278281769
1091020653437661205
1091020672463032522
1091020775131189338
1091020799424606298
1091020811692941352
1091020825844523018
1091020828470165504
1091020887131701268
1091020930853109871
1091020981495136316
1091021024017006592
1091021089859186688
1091021115725451286
1091021196239323178
1091021245736296559
1091021258533126156
1091021262870024264
1091021287155060787
1091021462770561024
1091021483377184938
1091021649396121683
1090284066693197926
1102263599000473602
1094408101689569321
1095461635583389886
1105401892500164639
1054846936861130822
985419517876392028
1102263595091366008
985822487080222741
943546668727541830
1091021052416630914
1081665544777895946
1083812606902554776
986422087491129347
987831505629884436
1095461422122684447
1094414699094884462
949338038054555778
948946720065200191
759854501166841876
541526393641500675
987427195297337344
1102263747361374359
1094904719757017139
1065198109082263633
1055663372336631838
1076934063136448708
1095461565144256532
1097434641713090561
1102263863476494397
1056970326510141573
1083812697134604320
999963218501980182
1105557808331640962
1095461598799339652
1095461539500261406
990341684632092703
838329480350531604
1101999017723953173
1096336215306936376
948983812191313982
987873508304494623
1069329227423436933
1072000009467347015
1072014564847267972
1072017265073082389
1072033236580048996
1072039963933294644
1072066045025718313
1095461422823129198
1095461729728729121
1089552161412759612
1102263619040858272
1103725664688930847
1066382327338500196
1102263649688621098
1095461422835695757
1095461591522234368
1095461426660913152
1095461683562041496
948953941591330877
948944815645679646
1090282807894483025
1094417577188524032
948953041443373087
1095461446973927424
1102263809449676943
536538587941044234
1095461208548724756
1064192731888504863
1068100280153022524
950785258956144771
1102263913908801678
948986585171521645
948961201071726602
949343845521457252
1095461465739247676
1102263793788145674
1102264011317329981
1095461423955595416
1054392604353122354
1094419762982948977
1091316221519069204
1102263924663001289
1069329721432748125
1069329532017975316
1069329903020937287
1068165233497079948
1091021517946638539
1091020815245512724
987427556049420309
1068640393937301740
1101674181726322709
1095461710791450724
1102263762347622451
649407049544761357
1091020943964504164
1078820037403627591
1072000236429525083
1102263732396113960
1090296375826198569
1089541891709743176
1072049679040270437
988085709699186798
1091020268668985364
394561371871903755
1079035731244220506
1069331576082661436
1081662598459699321
735859767163224085
1069329967713886323
1090296240010428476
1102263694165020804
1069329322126610492
1091020361295990846
1095461238525415525
1084298364532817981
1097907479632941198
1095461584794570753
1095461442234355793
1091021172520530102
1102263607695253536
1090297692271419414
1102263996054249592
1089333351023902740
1090295821116907570
